0.000000 0.000000 0.000000 0.000000 0.000000 0.000000
0.050000 0.000000 0.000000 0.000000 0.000000 0.000000
0.100000 0.000000 0.000000 0.000000 0.000000 0.000000
0.150000 0.000000 0.000000 0.000000 0.000000 0.000000
0.200000 0.000000 0.000000 0.000000 0.000000 0.000000
0.250000 0.000000 0.000000 0.000000 0.000000 0.000000
0.300000 0.000000 0.000000 0.000000 0.000000 0.000000
0.350000 0.000000 0.000000 0.000000 0.000000 0.000000
0.400000 0.000000 0.000000 0.000000 0.000000 0.000000
0.450000 0.000000 0.000000 0.000000 0.000000 0.000000
0.500000 0.000185 0.000000 0.000000 0.000000 0.000000
0.500500 0.000074 0.000000 0.000000 0.000000 0.000000
0.501000 0.000037 0.000000 0.000000 0.000000 0.000000
0.501500 0.000222 0.000000 0.000000 0.000000 0.000000
0.502000 0.000185 0.000037 0.000000 0.000000 0.000000
0.502500 0.000333 0.000000 0.000000 0.000000 0.000000
0.503000 0.000185 0.000000 0.000000 0.000000 0.000000
0.503500 0.000222 0.000074 0.000000 0.000000 0.000000
0.504000 0.000259 0.000000 0.000037 0.000000 0.000000
0.504500 0.000407 0.000074 0.000000 0.000000 0.000000
0.505000 0.000296 0.000037 0.000000 0.000000 0.000000
0.505500 0.000148 0.000074 0.000000 0.000000 0.000000
0.506000 0.000185 0.000037 0.000000 0.000000 0.000000
0.506500 0.000222 0.000074 0.000000 0.000000 0.000000
0.507000 0.000407 0.000037 0.000037 0.000000 0.000000
0.507500 0.000296 0.000037 0.000000 0.000000 0.000000
0.508000 0.000370 0.000111 0.000000 0.000000 0.000000
0.508500 0.000333 0.000111 0.000000 0.000000 0.000000
0.509000 0.000519 0.000000 0.000000 0.000000 0.000000
0.509501 0.000407 0.000037 0.000000 0.000000 0.000000
0.510001 0.000519 0.000037 0.000037 0.000000 0.000000
0.510501 0.000704 0.000111 0.000037 0.000000 0.000000
0.511001 0.000630 0.000148 0.000037 0.000000 0.000000
0.511501 0.000444 0.000148 0.000074 0.000000 0.000000
0.512001 0.000630 0.000111 0.000037 0.000000 0.000000
0.512501 0.000815 0.000000 0.000037 0.000000 0.000000
0.513001 0.000556 0.000074 0.000000 0.000074 0.000000
0.513501 0.000704 0.000222 0.000074 0.000037 0.000000
0.514001 0.000741 0.000222 0.000111 0.000000 0.000000
0.514501 0.001074 0.000333 0.000000 0.000000 0.000000
0.515001 0.000889 0.000185 0.000000 0.000000 0.000000
0.515501 0.001074 0.000185 0.000037 0.000000 0.000000
0.516001 0.001111 0.000481 0.000111 0.000000 0.000000
0.516501 0.001407 0.000407 0.000074 0.000000 0.000000
0.517001 0.001222 0.000444 0.000000 0.000000 0.000000
0.517501 0.001444 0.000259 0.000185 0.000000 0.000000
0.518001 0.001333 0.000333 0.000074 0.000000 0.000074
0.518501 0.001630 0.000407 0.000074 0.000037 0.000000
0.519001 0.001259 0.000333 0.000111 0.000000 0.000000
0.519501 0.000926 0.000222 0.000111 0.000037 0.000037
0.520001 0.001630 0.000556 0.000074 0.000000 0.000037
0.520501 0.001370 0.000444 0.000148 0.000000 0.000000
0.521001 0.001963 0.000630 0.000148 0.000074 0.000000
0.521501 0.002000 0.000667 0.000259 0.000074 0.000000
0.522001 0.002148 0.000741 0.000222 0.000000 0.000000
0.522501 0.002407 0.000704 0.000222 0.000074 0.000000
0.523001 0.002370 0.000519 0.000222 0.000074 0.000000
0.523501 0.002370 0.000481 0.000185 0.000111 0.000000
0.524001 0.002074 0.000704 0.000259 0.000000 0.000037
0.524501 0.002815 0.001074 0.000259 0.000037 0.000074
0.525001 0.002630 0.001185 0.000407 0.000148 0.000000
0.525501 0.002481 0.000519 0.000259 0.000185 0.000037
0.526001 0.003630 0.001111 0.000407 0.000148 0.000037
0.526501 0.003889 0.000889 0.000222 0.000074 0.000000
0.527001 0.003481 0.001333 0.000259 0.000074 0.000000
0.527501 0.003815 0.001185 0.000296 0.000185 0.000000
0.528001 0.003815 0.001111 0.000444 0.000185 0.000037
0.528501 0.003741 0.001222 0.000407 0.000222 0.000074
0.529001 0.004407 0.001444 0.000481 0.000074 0.000037
0.529501 0.004556 0.001444 0.000741 0.000333 0.000074
0.530001 0.005000 0.001741 0.000630 0.000185 0.000000
0.530501 0.005148 0.001852 0.000741 0.000074 0.000037
0.531002 0.005667 0.002037 0.000815 0.000222 0.000296
0.531502 0.005333 0.003074 0.000630 0.000296 0.000222
0.532002 0.005852 0.002296 0.001000 0.000444 0.000148
0.532502 0.045259 0.002556 0.001000 0.000333 0.000185
0.533002 0.006963 0.003074 0.000815 0.000259 0.000000
0.533502 0.006333 0.002815 0.001148 0.000481 0.000222
0.534002 0.007815 0.003296 0.001222 0.000519 0.000259
0.534502 0.007630 0.002852 0.001593 0.000852 0.000185
0.535002 0.009000 0.004000 0.001296 0.000444 0.000185
0.535502 0.008000 0.004000 0.001778 0.000556 0.000222
0.536002 0.008889 0.003630 0.001889 0.000704 0.000148
0.536502 0.010519 0.004074 0.001704 0.000630 0.000185
0.537002 0.010111 0.003926 0.001481 0.000778 0.000148
0.537502 0.010852 0.004704 0.001630 0.000889 0.000370
0.538002 0.011519 0.005741 0.002037 0.000963 0.000481
0.538502 0.012407 0.005667 0.002296 0.001185 0.000481
0.539002 0.012556 0.005852 0.002667 0.001074 0.000556
0.539502 0.013333 0.005815 0.002667 0.000889 0.000185
0.540002 0.014259 0.006481 0.003111 0.000963 0.000481
0.540502 0.014741 0.006556 0.002889 0.001815 0.000370
0.541002 0.015074 0.007074 0.003296 0.001333 0.000556
0.541502 0.016185 0.008074 0.003704 0.001704 0.000815
0.542002 0.016852 0.009111 0.003852 0.001926 0.000444
0.542502 0.018593 0.009222 0.003852 0.002630 0.000778
0.543002 0.019704 0.009519 0.004741 0.002370 0.001222
0.543502 0.020111 0.010593 0.004815 0.002185 0.000704
0.544002 0.021222 0.010963 0.005185 0.002370 0.000926
0.544502 0.023000 0.010815 0.005704 0.002519 0.001000
0.545002 0.022444 0.011704 0.006926 0.002556 0.001370
0.545502 0.025000 0.013111 0.006148 0.003148 0.001593
0.546002 0.026444 0.013148 0.006333 0.003259 0.001259
0.546502 0.027889 0.014593 0.007519 0.004296 0.001444
0.547002 0.027037 0.016000 0.007111 0.003481 0.001481
0.547502 0.026370 0.017111 0.007889 0.003667 0.002000
0.548002 0.030778 0.016852 0.009074 0.005148 0.002630
0.548502 0.031111 0.017815 0.009037 0.004815 0.002407
0.549002 0.034407 0.018593 0.009407 0.005704 0.002778
0.549502 0.035741 0.019704 0.010889 0.006000 0.003074
0.550002 0.034370 0.021074 0.011000 0.006037 0.003704
0.550502 0.038444 0.021333 0.012000 0.007667 0.003741
0.551002 0.040704 0.024000 0.013444 0.006704 0.003778
0.551502 0.041704 0.025815 0.014630 0.007889 0.004222
0.552002 0.043593 0.026148 0.015074 0.007333 0.005074
0.552503 0.043593 0.028519 0.015667 0.009519 0.004778
0.553003 0.047667 0.027926 0.017630 0.010889 0.005630
0.553503 0.049889 0.030185 0.016667 0.011111 0.005444
0.554003 0.052185 0.030852 0.020037 0.012481 0.007074
0.554503 0.053296 0.033741 0.020519 0.013333 0.006148
0.555003 0.054222 0.036000 0.022444 0.013148 0.008333
0.555503 0.058259 0.039222 0.022407 0.014222 0.008407
0.556003 0.056741 0.039852 0.024963 0.015852 0.009000
0.556503 0.064074 0.039815 0.025333 0.015926 0.010148
0.557003 0.066259 0.043481 0.027148 0.017222 0.010630
0.557503 0.069037 0.045926 0.030222 0.018889 0.011889
0.558003 0.073889 0.047889 0.030815 0.020111 0.012889
0.558503 0.074407 0.049815 0.032741 0.020519 0.013111
0.559003 0.074778 0.054185 0.034074 0.021074 0.014000
0.559503 0.079185 0.056815 0.035370 0.021963 0.015259
0.560003 0.082037 0.057815 0.038111 0.025444 0.018593
0.560503 0.085593 0.061889 0.040815 0.027000 0.018815
0.561003 0.091704 0.062667 0.043037 0.029407 0.020111
0.561503 0.091185 0.064296 0.046963 0.033037 0.020852
0.562003 0.250296 0.069926 0.049741 0.033667 0.022963
0.562503 0.098074 0.072333 0.052185 0.036593 0.024963
0.563003 0.103444 0.076333 0.055222 0.038296 0.027222
0.563503 0.108778 0.079741 0.056593 0.041519 0.027778
0.564003 0.111148 0.084519 0.058556 0.042481 0.031852
0.564503 0.496704 0.087185 0.063000 0.046889 0.032963
0.565003 0.737667 0.091556 0.064370 0.049481 0.038037
0.565503 0.118519 0.094407 0.072815 0.054444 0.036444
0.566003 0.125000 0.098074 0.074889 0.055074 0.039815
0.566503 0.135296 0.098333 0.074037 0.058222 0.042556
0.567003 0.136000 0.107185 0.079630 0.061296 0.047519
0.567503 0.141481 0.112222 0.084815 0.060778 0.049111
0.568003 0.704889 0.119704 0.091259 0.068333 0.051296
0.568503 0.151333 0.118926 0.093778 0.071815 0.054333
0.569003 0.155259 0.126000 0.098185 0.076889 0.061741
0.569503 0.161815 0.130037 0.102259 0.080000 0.062556
0.570003 0.171370 0.136333 0.105556 0.083444 0.068074
0.570503 0.171889 0.142370 0.113963 0.089111 0.071519
0.571003 0.178111 0.145259 0.116963 0.096148 0.078963
0.571503 0.186259 0.153963 0.123778 0.099333 0.082778
0.572003 0.191444 0.157963 0.129667 0.107000 0.088926
0.572503 0.195222 0.163481 0.136111 0.112593 0.093519
0.573003 0.198074 0.170519 0.140370 0.112519 0.097370
0.573503 0.204111 0.174370 0.142000 0.122593 0.102630
0.574004 0.735630 0.184815 0.155963 0.129481 0.106037
0.574504 0.220111 0.188111 0.157074 0.132741 0.114259
0.575004 0.225667 0.195778 0.169111 0.143630 0.118185
0.575504 0.230037 0.201963 0.168593 0.144519 0.127185
0.576004 0.239667 0.212111 0.179593 0.154222 0.131556
0.576504 0.245741 0.215852 0.186000 0.162148 0.143926
0.577004 0.251407 0.222556 0.193704 0.166852 0.146037
0.577504 0.257926 0.226963 0.202593 0.178704 0.158333
0.578004 0.270444 0.240481 0.209778 0.184481 0.164630
0.578504 0.272778 0.246481 0.220296 0.190037 0.171852
0.579004 0.280444 0.249815 0.224667 0.198000 0.178963
0.579504 0.743852 0.259778 0.234296 0.211037 0.189222
0.580004 0.291000 0.267074 0.243593 0.216852 0.198704
0.580504 0.295852 0.278593 0.252000 0.230407 0.206444
0.581004 0.304741 0.281222 0.263444 0.241296 0.212889
0.581504 0.775704 0.291963 0.268667 0.248926 0.226852
0.582004 0.325259 0.293111 0.279333 0.262556 0.237407
0.582504 0.329259 0.307852 0.287037 0.269630 0.247111
0.583004 0.337741 0.321630 0.296741 0.279037 0.262185
0.583504 0.348185 0.329074 0.308704 0.288185 0.265556
0.584004 0.355074 0.338926 0.322704 0.295000 0.278852
0.584504 0.362185 0.349148 0.327852 0.308704 0.295074
0.585004 0.374000 0.356370 0.335519 0.319667 0.306370
0.585504 0.381704 0.359444 0.350519 0.332852 0.317519
0.586004 0.387222 0.372444 0.352037 0.345222 0.324519
0.586504 0.394815 0.381889 0.369111 0.358889 0.339037
0.587004 0.772370 0.390296 0.379481 0.363593 0.349630
0.587504 0.411519 0.397148 0.385333 0.371963 0.363963
0.588004 0.422074 0.407704 0.403778 0.387667 0.377926
0.588504 0.428444 0.419481 0.411407 0.399519 0.393148
0.589004 0.443667 0.430852 0.424444 0.414222 0.397481
0.589504 0.444556 0.435593 0.433296 0.420778 0.417630
0.590004 0.524889 0.453926 0.447889 0.440889 0.427037
0.590504 0.463704 0.461889 0.454444 0.445815 0.441889
0.591004 0.474778 0.469111 0.461148 0.459037 0.454444
0.591504 0.600704 0.479889 0.477370 0.467370 0.468185
0.592004 0.779630 0.487185 0.488185 0.487593 0.488148
0.592504 0.499481 0.498593 0.496222 0.494667 0.496556
0.593004 0.507333 0.506185 0.505852 0.507444 0.509852
0.593504 0.796667 0.518333 0.511444 0.523963 0.524333
0.594004 0.519185 0.528296 0.530630 0.537222 0.535741
0.594504 0.536741 0.534963 0.545926 0.541889 0.554815
0.595004 0.858296 0.550852 0.551074 0.555185 0.559037
0.595505 0.548259 0.552333 0.562741 0.568074 0.579815
0.596005 0.560556 0.568778 0.574481 0.584000 0.592148
0.596505 0.569000 0.574667 0.587111 0.593556 0.605852
0.597005 0.818815 0.587667 0.601593 0.606148 0.611556
0.597505 0.583296 0.594741 0.607518 0.621111 0.627185
0.598005 0.593963 0.605815 0.620667 0.629296 0.641630
0.598505 0.849889 0.615296 0.628519 0.644333 0.647556
0.599005 0.607593 0.627222 0.640222 0.650556 0.668778
0.599505 1.000000 0.634667 0.656074 0.667518 0.680185
0.600005 0.825259 0.645852 0.654556 0.674963 0.694556
0.600505 0.786111 0.655667 0.670593 0.689519 0.701815
0.601005 0.644148 0.656926 0.681889 0.700222 0.709704
0.601505 1.000000 0.673778 0.690037 0.705704 0.728593
0.602005 1.000000 0.676815 0.706741 0.717704 0.733926
0.602505 0.890185 0.689667 0.709259 0.726741 0.750037
0.603005 0.677074 0.699222 0.717889 0.746778 0.754444
0.603505 0.685148 0.702519 0.728111 0.746444 0.769741
0.604005 0.855185 0.716630 0.739111 0.760037 0.779889
0.604505 0.856963 0.724963 0.752296 0.769037 0.781741
0.605005 1.000000 0.730481 0.753000 0.780852 0.801518
0.605505 0.869926 0.740444 0.759556 0.784704 0.808296
0.606005 0.886481 0.747333 0.767556 0.797259 0.813222
0.606505 0.731037 0.758037 0.785778 0.805444 0.820148
0.607005 0.738000 0.761741 0.789222 0.813407 0.833000
0.607505 0.745667 0.767222 0.799667 0.821370 0.838259
0.608005 0.879519 0.776963 0.803518 0.826148 0.849037
0.608505 0.760037 0.783778 0.811778 0.838000 0.857704
0.609005 0.771037 0.792556 0.817481 0.841000 0.862296
0.609505 1.000000 0.802333 0.822889 0.854518 0.869000
0.610005 0.777222 0.804852 0.835000 0.858370 0.877333
0.610505 0.782889 0.813815 0.838444 0.867481 0.883667
0.611005 0.924444 0.821407 0.844296 0.868518 0.889778
0.611505 0.795222 0.826444 0.853148 0.877926 0.896963
0.612005 0.931741 0.832556 0.860519 0.883185 0.902074
0.612505 1.000000 0.842296 0.866593 0.891222 0.907444
0.613005 0.819852 0.846815 0.871889 0.894148 0.913185
0.613505 1.000000 0.851926 0.878259 0.902519 0.918444
0.614005 0.825037 0.856556 0.879889 0.906333 0.920444
0.614505 0.913518 0.857074 0.885481 0.909630 0.927222
0.615005 0.835037 0.867852 0.890518 0.914630 0.932222
0.615505 0.841593 0.873148 0.896074 0.918926 0.934222
0.616005 1.000000 0.876704 0.902037 0.925889 0.941852
0.616506 0.946778 0.880704 0.908889 0.927148 0.944778
0.617006 0.858111 0.887296 0.912963 0.933741 0.946370
0.617506 0.862518 0.892000 0.916481 0.938630 0.952185
0.618006 0.868259 0.901556 0.918481 0.939778 0.955185
0.618506 1.000000 0.903185 0.924889 0.944333 0.957889
0.619006 0.873407 0.903481 0.926222 0.946778 0.960407
0.619506 0.881518 0.906556 0.934222 0.948704 0.963333
0.620006 0.881259 0.909333 0.933889 0.954111 0.965148
0.620506 0.888222 0.914852 0.939074 0.954444 0.966185
0.621006 0.950593 0.922074 0.941815 0.957852 0.969518
0.621506 0.950074 0.923741 0.944037 0.959556 0.973815
0.622006 0.896963 0.929000 0.946815 0.963333 0.975370
0.622506 0.906037 0.930148 0.951074 0.963667 0.975037
0.623006 1.000000 0.934000 0.956741 0.968667 0.978185
0.623506 0.911333 0.936556 0.956148 0.969185 0.979630
0.624006 0.914185 0.938519 0.957926 0.970407 0.981111
0.624506 0.916926 0.943370 0.960815 0.973148 0.983296
0.625006 0.923926 0.943000 0.962444 0.976556 0.982889
0.625506 0.957444 0.950111 0.964815 0.976000 0.985074
0.626006 0.926333 0.950704 0.966926 0.977667 0.987000
0.626506 0.928963 0.949296 0.968852 0.979556 0.987259
0.627006 0.932704 0.952778 0.970333 0.981407 0.987518
0.627506 0.962704 0.956074 0.972148 0.981481 0.989556
0.628006 0.937148 0.959593 0.973778 0.983556 0.990111
0.628506 0.966963 0.959185 0.975630 0.983518 0.990296
0.629006 0.942667 0.963037 0.975667 0.986037 0.990963
0.629506 0.973518 0.963444 0.978667 0.986630 0.992407
0.630006 0.969518 0.968333 0.979963 0.988667 0.992852
0.630506 0.948370 0.968518 0.980333 0.988370 0.993037
0.631006 0.949741 0.968926 0.983111 0.989778 0.994778
0.631506 1.000000 0.970333 0.983889 0.990444 0.994111
0.632006 0.958185 0.971481 0.984481 0.990815 0.994074
0.632506 0.975852 0.974259 0.985037 0.990741 0.995444
0.633006 0.978444 0.975852 0.987556 0.992148 0.995926
0.633506 1.000000 0.976852 0.987185 0.992444 0.996185
0.634006 0.963741 0.978481 0.988741 0.993852 0.996185
0.634506 0.967148 0.981222 0.987444 0.993778 0.996963
0.635006 0.978741 0.980111 0.988963 0.994370 0.996778
0.635506 0.967407 0.981778 0.990222 0.994778 0.997444
0.636006 0.983407 0.982889 0.991778 0.995481 0.997741
0.636506 0.981926 0.983000 0.991074 0.995333 0.997630
0.637006 0.988111 0.984556 0.992667 0.995667 0.997667
0.637506 0.985926 0.985852 0.992556 0.996407 0.998000
0.638007 1.000000 0.985519 0.993333 0.996222 0.998037
0.638507 1.000000 0.986852 0.993481 0.996815 0.998333
0.639007 0.990074 0.988333 0.993518 0.997148 0.998704
0.639507 0.988222 0.988926 0.994037 0.996926 0.998593
0.640007 0.988667 0.989296 0.995222 0.997370 0.998630
0.640507 1.000000 0.989259 0.995556 0.997518 0.998852
0.641007 1.000000 0.990444 0.995519 0.998000 0.998778
0.641507 0.991518 0.991222 0.995370 0.998333 0.999074
0.642007 0.990704 0.991704 0.995778 0.997889 0.999074
0.642507 0.983407 0.991259 0.996185 0.998704 0.999556
0.643007 1.000000 0.993407 0.997259 0.998556 0.999444
0.643507 0.984148 0.992852 0.996407 0.998778 0.999407
0.644007 0.985593 0.993296 0.997185 0.998704 0.999556
0.644507 0.988000 0.994593 0.997630 0.999074 0.999444
0.645007 0.992222 0.994000 0.997518 0.998926 0.999407
0.645507 1.000000 0.994704 0.997778 0.998926 0.999481
0.646007 0.994074 0.995037 0.996889 0.998630 0.999630
0.646507 0.993407 0.995926 0.998407 0.999222 0.999704
0.647007 0.993704 0.995259 0.998778 0.999481 0.999778
0.647507 1.000000 0.995630 0.998407 0.999185 0.999704
0.648007 1.000000 0.996222 0.998667 0.999667 0.999741
0.648507 0.991630 0.995111 0.998444 0.999630 0.999889
0.649007 0.996630 0.996593 0.998704 0.999259 0.999852
0.649507 0.992148 0.997037 0.998593 0.999333 0.999741
0.650007 0.993296 0.996926 0.998630 0.999593 0.999741
0.700007 1.000000 1.000000 1.000000 1.000000 1.000000
0.750007 1.000000 1.000000 1.000000 1.000000 1.000000
0.800007 1.000000 1.000000 1.000000 1.000000 1.000000
0.850007 1.000000 1.000000 1.000000 1.000000 1.000000
0.900007 1.000000 1.000000 1.000000 1.000000 1.000000
0.950007 1.000000 1.000000 1.000000 1.000000 1.000000
